0.829708 0.271353 -0.487803 -0.069079 -0.245537 0.962224 0.117626 -0.103527 0.501294 0.022178 0.864993 0.377010
0.828635 0.270894 -0.489878 -0.068938 -0.247372 0.962231 0.113664 -0.103639 0.502166 0.026996 0.864350 0.377507
0.828979 0.272835 -0.488216 -0.069258 -0.247681 0.961762 0.116914 -0.103768 0.501445 0.024003 0.864856 0.376960
0.828701 0.273673 -0.488219 -0.069410 -0.249046 0.961491 0.116237 -0.103869 0.501229 0.025263 0.864946 0.376978
0.828358 0.274851 -0.488140 -0.069595 -0.250339 0.961140 0.116362 -0.103843 0.501153 0.025811 0.864974 0.376874
0.828038 0.275434 -0.488354 -0.069865 -0.251624 0.960930 0.115322 -0.104016 0.501037 0.027390 0.864992 0.376906
0.825430 0.275370 -0.492784 -0.069823 -0.253539 0.960795 0.112210 -0.104131 0.504364 0.032319 0.862886 0.376853
0.826926 0.277475 -0.489081 -0.070479 -0.254512 0.960270 0.114477 -0.104226 0.501415 0.029813 0.864693 0.376696
0.826511 0.278558 -0.489168 -0.070892 -0.255850 0.959930 0.114346 -0.104529 0.501419 0.030646 0.864662 0.376394
0.825801 0.279654 -0.489742 -0.071318 -0.257759 0.959545 0.113289 -0.104712 0.501611 0.032681 0.864476 0.376070
0.825264 0.280836 -0.489970 -0.071725 -0.259332 0.959159 0.112965 -0.104980 0.501684 0.033839 0.864389 0.375614
0.824696 0.282040 -0.490235 -0.072274 -0.261282 0.958738 0.112037 -0.105254 0.501606 0.035693 0.864360 0.375166
0.824170 0.283193 -0.490454 -0.072840 -0.263073 0.958337 0.111280 -0.105548 0.501533 0.037311 0.864333 0.374713
0.823178 0.284404 -0.491419 -0.073379 -0.265026 0.957897 0.110427 -0.105825 0.502135 0.039337 0.863894 0.374137
0.822478 0.285790 -0.491786 -0.073976 -0.266905 0.957424 0.110005 -0.106138 0.502286 0.040784 0.863739 0.373631
0.821891 0.287073 -0.492020 -0.074619 -0.269141 0.956941 0.108751 -0.106334 0.502054 0.043041 0.863765 0.373117
0.820821 0.288445 -0.493004 -0.075231 -0.271454 0.956415 0.107623 -0.106400 0.502560 0.045488 0.863345 0.372295
0.820347 0.289877 -0.492952 -0.075913 -0.273698 0.955887 0.106629 -0.106405 0.502116 0.047447 0.863498 0.371629
0.818996 0.291367 -0.494319 -0.076562 -0.276177 0.955298 0.105508 -0.106409 0.502963 0.050109 0.862854 0.370910
0.818152 0.292928 -0.494793 -0.077114 -0.278652 0.954696 0.104444 -0.106266 0.502971 0.052424 0.862712 0.370417
0.817040 0.294349 -0.495788 -0.077524 -0.281156 0.954106 0.103117 -0.105957 0.503386 0.055143 0.862300 0.369916
0.816202 0.295933 -0.496224 -0.077820 -0.283798 0.953463 0.101818 -0.105448 0.503262 0.057723 0.862204 0.369661
0.814971 0.297625 -0.497234 -0.078075 -0.286406 0.952783 0.100876 -0.104712 0.503779 0.060199 0.861732 0.369119
0.813847 0.299289 -0.498076 -0.078234 -0.289372 0.952057 0.099254 -0.103748 0.503902 0.063352 0.861434 0.368851
0.812772 0.301125 -0.498724 -0.078291 -0.292363 0.951282 0.097911 -0.102399 0.503910 0.066229 0.861213 0.368434
0.811578 0.302662 -0.499737 -0.078278 -0.295569 0.950519 0.095668 -0.100732 0.503964 0.070065 0.860878 0.368042
0.810164 0.304489 -0.500919 -0.078188 -0.298329 0.949743 0.094808 -0.098790 0.504613 0.072629 0.860286 0.367641
0.809057 0.306159 -0.501690 -0.078240 -0.301335 0.948957 0.093155 -0.096772 0.504602 0.075809 0.860017 0.367042
0.807301 0.308159 -0.503292 -0.078237 -0.304520 0.948051 0.092016 -0.094685 0.505502 0.078978 0.859203 0.366438
0.806019 0.309822 -0.504325 -0.078278 -0.307483 0.947241 0.090496 -0.092564 0.505755 0.082130 0.858759 0.365798
0.804408 0.311787 -0.505685 -0.078485 -0.310706 0.946310 0.089213 -0.090434 0.506350 0.085356 0.858093 0.365053
0.803332 0.313678 -0.506224 -0.078866 -0.313743 0.945426 0.087946 -0.088284 0.506184 0.088175 0.857906 0.364420
0.801265 0.315614 -0.508294 -0.079366 -0.316847 0.944480 0.086982 -0.086192 0.507526 0.091356 0.856780 0.363591
0.799729 0.317338 -0.509637 -0.079899 -0.319950 0.943571 0.085469 -0.084095 0.508001 0.094707 0.856134 0.362713
0.797941 0.319390 -0.511156 -0.080402 -0.323122 0.942573 0.084546 -0.082187 0.508805 0.097703 0.855320 0.361499
0.795632 0.321124 -0.513663 -0.080668 -0.326629 0.941529 0.082682 -0.080319 0.510180 0.101993 0.853999 0.360023
0.793718 0.322986 -0.515454 -0.080867 -0.329783 0.940530 0.081526 -0.078406 0.511132 0.105280 0.853030 0.358729
0.791766 0.324729 -0.517356 -0.080938 -0.333246 0.939468 0.079672 -0.076512 0.511911 0.109325 0.852053 0.357482
0.789811 0.326573 -0.519181 -0.080841 -0.336752 0.938361 0.077956 -0.074441 0.512638 0.113265 0.851101 0.356310
0.787895 0.328313 -0.520991 -0.080616 -0.339803 0.937355 0.076809 -0.072200 0.513571 0.116516 0.850099 0.355020
0.785273 0.329985 -0.523886 -0.080188 -0.343165 0.936249 0.075339 -0.069963 0.515349 0.120618 0.848450 0.353091
0.783325 0.331698 -0.525717 -0.079906 -0.346463 0.935156 0.073799 -0.067895 0.516106 0.124333 0.847452 0.351112
0.781243 0.333393 -0.527739 -0.079561 -0.349573 0.934091 0.072607 -0.066117 0.517163 0.127759 0.846298 0.348840
0.778950 0.334943 -0.530141 -0.079149 -0.352983 0.932948 0.070789 -0.064436 0.518304 0.131990 0.844949 0.346493
0.776807 0.336638 -0.532208 -0.079032 -0.356085 0.931852 0.069684 -0.062774 0.519397 0.135380 0.843741 0.344626
0.774104 0.338113 -0.535203 -0.078649 -0.359455 0.930678 0.068047 -0.061093 0.521109 0.139705 0.841979 0.342361
0.771746 0.339639 -0.537637 -0.078287 -0.362900 0.929470 0.066247 -0.059310 0.522218 0.143983 0.840570 0.340361
0.769050 0.340980 -0.540643 -0.077672 -0.366090 0.928325 0.064737 -0.057502 0.523967 0.148138 0.838757 0.338338
0.766817 0.342373 -0.542929 -0.077007 -0.369276 0.927173 0.063125 -0.055968 0.525001 0.152086 0.837403 0.336535
0.764316 0.343790 -0.545554 -0.076346 -0.372362 0.926023 0.061873 -0.054548 0.526467 0.155853 0.835788 0.334884
0.761662 0.344893 -0.548562 -0.075510 -0.375418 0.924895 0.060245 -0.053240 0.528141 0.160054 0.833936 0.333219
0.759226 0.346189 -0.551117 -0.075058 -0.378498 0.923731 0.058827 -0.052225 0.529449 0.163934 0.832352 0.331763
0.756644 0.347310 -0.553954 -0.074531 -0.381703 0.922524 0.057024 -0.051335 0.530841 0.168299 0.830592 0.330239
0.753630 0.348302 -0.557430 -0.073696 -0.384701 0.921365 0.055596 -0.050495 0.532961 0.172545 0.828360 0.328868
0.750766 0.349064 -0.560807 -0.072637 -0.388780 0.919857 0.052078 -0.049397 0.534041 0.178933 0.826307 0.327724
0.748594 0.350428 -0.562856 -0.071663 -0.390584 0.919056 0.052720 -0.048443 0.535771 0.180377 0.824872 0.326674
0.745594 0.351010 -0.566463 -0.070878 -0.393395 0.917953 0.051014 -0.047610 0.537893 0.184808 0.822506 0.325641
0.743043 0.352089 -0.569140 -0.070227 -0.396214 0.916802 0.049886 -0.046912 0.539353 0.188434 0.820726 0.324921
0.740236 0.352817 -0.572338 -0.069439 -0.398945 0.915691 0.048500 -0.046142 0.541197 0.192430 0.818582 0.324036
0.737415 0.353326 -0.575656 -0.068624 -0.401770 0.914551 0.046665 -0.045447 0.542955 0.196870 0.816359 0.323138
0.734628 0.353798 -0.578920 -0.067888 -0.404306 0.913505 0.045225 -0.044799 0.544847 0.200837 0.814129 0.322315
0.731792 0.354627 -0.581997 -0.067265 -0.406685 0.912477 0.044639 -0.044093 0.546889 0.204023 0.811965 0.321688
0.728976 0.354788 -0.585423 -0.066661 -0.409561 0.911302 0.042293 -0.043281 0.548502 0.208935 0.809624 0.320802
0.726203 0.355009 -0.588725 -0.066131 -0.411924 0.910304 0.040810 -0.042538 0.550407 0.212874 0.807303 0.320047
0.723408 0.355168 -0.592061 -0.065690 -0.414359 0.909270 0.039173 -0.041884 0.552257 0.216988 0.804940 0.319396
0.720522 0.355276 -0.595506 -0.065277 -0.416749 0.908243 0.037616 -0.041294 0.554229 0.221073 0.802469 0.319189
0.718191 0.355565 -0.598142 -0.065035 -0.418992 0.907266 0.036239 -0.040716 0.555560 0.224591 0.800570 0.319211
0.715032 0.355377 -0.602027 -0.064948 -0.421319 0.906254 0.034559 -0.040241 0.557871 0.228935 0.797727 0.318805
0.712421 0.355411 -0.605095 -0.064840 -0.423599 0.905249 0.032977 -0.039711 0.559482 0.232824 0.795470 0.318568
0.709188 0.355065 -0.609083 -0.064730 -0.425548 0.904380 0.031720 -0.039150 0.562105 0.236699 0.792472 0.318446
0.706131 0.354659 -0.612858 -0.064533 -0.427416 0.903543 0.030412 -0.038703 0.564530 0.240470 0.789607 0.318393
0.703115 0.354401 -0.616465 -0.064143 -0.429241 0.902712 0.029387 -0.038358 0.566905 0.243950 0.786834 0.318530
0.699802 0.353701 -0.620623 -0.063670 -0.431092 0.901877 0.027900 -0.038074 0.569593 0.248021 0.783613 0.318538
0.697057 0.353302 -0.623930 -0.063267 -0.432684 0.901145 0.026879 -0.037912 0.571748 0.251229 0.781017 0.318596
0.693880 0.352636 -0.627836 -0.062918 -0.434783 0.900186 0.025086 -0.037658 0.574015 0.255566 0.777941 0.318344
0.690725 0.351885 -0.631725 -0.062449 -0.436362 0.899454 0.023899 -0.037583 0.576617 0.259153 0.774824 0.317857
0.687494 0.351036 -0.635709 -0.061861 -0.438140 0.898628 0.022388 -0.037373 0.579125 0.263138 0.771604 0.317482
0.684595 0.350244 -0.639264 -0.061163 -0.439931 0.897792 0.020760 -0.036958 0.581197 0.267020 0.768707 0.317015
0.681794 0.349519 -0.642646 -0.060456 -0.441329 0.897129 0.019712 -0.036658 0.583426 0.270178 0.765910 0.316856
0.679225 0.348651 -0.645829 -0.059946 -0.442753 0.896457 0.018304 -0.036321 0.585340 0.273510 0.763262 0.316643
0.676431 0.347589 -0.649325 -0.059470 -0.444232 0.895755 0.016729 -0.036118 0.587452 0.277135 0.760327 0.316404
0.673821 0.346424 -0.652652 -0.059021 -0.445383 0.895209 0.015343 -0.035938 0.589575 0.280342 0.757502 0.316079
0.671041 0.345207 -0.656153 -0.058368 -0.446461 0.894692 0.014112 -0.035631 0.591926 0.283477 0.754496 0.315579
0.668359 0.344158 -0.659432 -0.057796 -0.447554 0.894162 0.013051 -0.035230 0.594131 0.286409 0.751651 0.315147
0.665822 0.342834 -0.662681 -0.057346 -0.448507 0.893703 0.011719 -0.034798 0.596257 0.289414 0.748810 0.314168
0.663090 0.341358 -0.666173 -0.057045 -0.449462 0.893240 0.010328 -0.034541 0.598578 0.292571 0.745726 0.313160
0.660524 0.339970 -0.669424 -0.056938 -0.450365 0.892799 0.009034 -0.034214 0.600733 0.295518 0.742825 0.312089
0.657959 0.338609 -0.672632 -0.056894 -0.451425 0.892277 0.007602 -0.033866 0.602748 0.298641 0.739938 0.311033
0.655160 0.337044 -0.676141 -0.056922 -0.452103 0.891942 0.006543 -0.033671 0.605284 0.301399 0.736743 0.310252
0.653201 0.335738 -0.678682 -0.056923 -0.452921 0.891536 0.005119 -0.033423 0.606788 0.304046 0.734415 0.309679
0.650759 0.334221 -0.681769 -0.056676 -0.453905 0.891043 0.003553 -0.033145 0.608673 0.307146 0.731559 0.309164
0.648233 0.332689 -0.684917 -0.056611 -0.454752 0.890615 0.002208 -0.032916 0.610732 0.310036 0.728617 0.308613
0.645329 0.330971 -0.688483 -0.056421 -0.454776 0.890604 0.001865 -0.032767 0.613783 0.311901 0.725250 0.307879
0.643012 0.329386 -0.691405 -0.056305 -0.455775 0.890095 0.000168 -0.032464 0.615471 0.315017 0.722467 0.307407
0.640555 0.327974 -0.694351 -0.056383 -0.456235 0.889859 -0.000565 -0.032232 0.617689 0.317149 0.719637 0.306756
0.638443 0.326229 -0.697112 -0.056421 -0.456809 0.889563 -0.002073 -0.032015 0.619448 0.319770 0.716959 0.306094
0.635840 0.324512 -0.700285 -0.056442 -0.457158 0.889381 -0.002948 -0.031873 0.621863 0.322015 0.713857 0.305139
0.633624 0.322889 -0.703039 -0.056323 -0.457991 0.888945 -0.004500 -0.031788 0.623510 0.324837 0.711137 0.304108
0.631472 0.321379 -0.705662 -0.055968 -0.458503 0.888675 -0.005570 -0.031740 0.625314 0.327066 0.708527 0.303591
0.629262 0.319733 -0.708379 -0.055547 -0.459159 0.888327 -0.006923 -0.031736 0.627058 0.329615 0.705799 0.302792
0.627151 0.318209 -0.710932 -0.054934 -0.459435 0.888177 -0.007749 -0.031569 0.628968 0.331487 0.703218 0.302143
0.625002 0.316687 -0.713500 -0.054354 -0.459596 0.888088 -0.008413 -0.031402 0.630987 0.333179 0.700605 0.301066
0.623024 0.315148 -0.715907 -0.053676 -0.460171 0.887778 -0.009661 -0.031305 0.632522 0.335459 0.698129 0.300142
0.620850 0.313718 -0.718420 -0.052918 -0.460344 0.887682 -0.010193 -0.031073 0.634530 0.337049 0.695535 0.299577
0.619179 0.312360 -0.720450 -0.052293 -0.460763 0.887452 -0.011229 -0.030785 0.635857 0.338909 0.693416 0.298914
0.616878 0.310640 -0.723163 -0.051559 -0.460778 0.887436 -0.011852 -0.030554 0.638079 0.340529 0.690576 0.298136
0.615477 0.309531 -0.724830 -0.050874 -0.461185 0.887212 -0.012733 -0.030172 0.639137 0.342118 0.688810 0.297364
0.613738 0.308117 -0.726904 -0.050219 -0.461257 0.887165 -0.013400 -0.029960 0.640755 0.343514 0.686609 0.296602
0.612117 0.306922 -0.728774 -0.049525 -0.461539 0.887008 -0.014096 -0.029668 0.642102 0.344986 0.684609 0.296137
0.610349 0.305576 -0.730820 -0.048826 -0.461610 0.886962 -0.014654 -0.029441 0.643732 0.346298 0.682413 0.295562
0.608992 0.304384 -0.732447 -0.048254 -0.461880 0.886807 -0.015498 -0.029188 0.644822 0.347741 0.680647 0.295254
0.607398 0.303260 -0.734235 -0.047786 -0.461869 0.886807 -0.015806 -0.028987 0.646331 0.348721 0.678712 0.294705
0.605799 0.302026 -0.736062 -0.047437 -0.461578 0.886956 -0.015949 -0.028926 0.648037 0.349412 0.676726 0.294584
0.604476 0.300964 -0.737584 -0.047361 -0.461767 0.886847 -0.016565 -0.028883 0.649139 0.350605 0.675052 0.294244
0.603048 0.299888 -0.739189 -0.047256 -0.461726 0.886862 -0.016888 -0.028842 0.650494 0.351487 0.673287 0.294119
0.602128 0.298843 -0.740361 -0.047309 -0.462203 0.886591 -0.018037 -0.028865 0.651007 0.353057 0.671968 0.294086
0.600798 0.297735 -0.741887 -0.047412 -0.462018 0.886682 -0.018309 -0.029034 0.652366 0.353765 0.670275 0.293993
0.599784 0.296697 -0.743122 -0.047499 -0.461480 0.886961 -0.018341 -0.029218 0.653678 0.353936 0.668905 0.293755
0.598548 0.295785 -0.744481 -0.047450 -0.461690 0.886841 -0.018843 -0.029302 0.654663 0.354998 0.667378 0.293716
0.597844 0.294992 -0.745360 -0.047455 -0.461316 0.887034 -0.018953 -0.029225 0.655569 0.355177 0.666392 0.293591
0.596769 0.294001 -0.746612 -0.047430 -0.461245 0.887061 -0.019367 -0.029049 0.656597 0.355929 0.664977 0.293422
0.596150 0.293462 -0.747318 -0.047541 -0.461254 0.887051 -0.019618 -0.028864 0.657152 0.356399 0.664177 0.293486
0.595619 0.292684 -0.748046 -0.047657 -0.460500 0.887447 -0.019438 -0.028781 0.658162 0.356053 0.663362 0.293411
0.595144 0.292285 -0.748580 -0.047807 -0.459641 0.887907 -0.018743 -0.028784 0.659192 0.355233 0.662779 0.293580
0.594383 0.291760 -0.749390 -0.047964 -0.459692 0.887876 -0.018931 -0.028714 0.659842 0.355741 0.661858 0.293402
0.594211 0.291466 -0.749641 -0.048208 -0.458878 0.888310 -0.018353 -0.028619 0.660564 0.354900 0.661590 0.293330
0.593893 0.290910 -0.750108 -0.048477 -0.458623 0.888437 -0.018555 -0.028478 0.661026 0.355037 0.661055 0.293099
0.593528 0.290550 -0.750537 -0.048763 -0.458007 0.888763 -0.018134 -0.028426 0.661781 0.354514 0.660580 0.293180
0.593449 0.290426 -0.750647 -0.049038 -0.457399 0.889087 -0.017623 -0.028343 0.662272 0.353803 0.660469 0.293350
0.593287 0.290163 -0.750876 -0.049301 -0.456635 0.889491 -0.017071 -0.028365 0.662944 0.353004 0.660222 0.293138
0.593370 0.290481 -0.750688 -0.049595 -0.455770 0.889956 -0.015885 -0.028362 0.663465 0.351567 0.660466 0.293230
0.593810 0.290332 -0.750398 -0.049825 -0.455180 0.890260 -0.015752 -0.028270 0.663476 0.350920 0.660799 0.293012
0.594031 0.290648 -0.750100 -0.050088 -0.454638 0.890550 -0.014974 -0.028172 0.663650 0.349919 0.661155 0.293017
0.594235 0.290577 -0.749966 -0.050259 -0.453581 0.891103 -0.014133 -0.028259 0.664190 0.348569 0.661325 0.293133
0.594675 0.291087 -0.749420 -0.050443 -0.452977 0.891424 -0.013200 -0.028328 0.664209 0.347320 0.661964 0.293395
0.595008 0.291224 -0.749102 -0.050592 -0.451564 0.892160 -0.011835 -0.028606 0.664872 0.345309 0.662349 0.293745
0.595896 0.291696 -0.748212 -0.050765 -0.450689 0.892614 -0.010948 -0.028846 0.664671 0.343735 0.663369 0.294006
0.596299 0.292143 -0.747717 -0.050985 -0.449520 0.893220 -0.009496 -0.029110 0.665101 0.341777 0.663950 0.294254
0.597468 0.292820 -0.746517 -0.051387 -0.448457 0.893766 -0.008341 -0.029479 0.664769 0.339764 0.665314 0.294653
0.598004 0.293223 -0.745930 -0.051711 -0.447100 0.894458 -0.006826 -0.029883 0.665201 0.337587 0.665989 0.295053
0.599454 0.293941 -0.744482 -0.052000 -0.445826 0.895103 -0.005568 -0.030264 0.664751 0.335247 0.667619 0.295839
0.600206 0.294600 -0.743616 -0.052230 -0.444296 0.895873 -0.003691 -0.030670 0.665097 0.332601 0.668597 0.296735
0.601515 0.295403 -0.742238 -0.052463 -0.443061 0.896488 -0.002267 -0.031136 0.664738 0.330221 0.670133 0.297687
0.602746 0.296019 -0.740992 -0.052752 -0.441298 0.897360 -0.000480 -0.031725 0.664795 0.327288 0.671513 0.298623
0.604358 0.296900 -0.739325 -0.053034 -0.439840 0.898076 0.001106 -0.032249 0.664298 0.324516 0.673348 0.299633
0.605719 0.297765 -0.737862 -0.053246 -0.438380 0.898785 0.002835 -0.032738 0.664024 0.321747 0.674945 0.300322
0.607373 0.298569 -0.736176 -0.053458 -0.436755 0.899569 0.004497 -0.033254 0.663584 0.318797 0.676775 0.300771
0.609135 0.299703 -0.734257 -0.053757 -0.435104 0.900356 0.006540 -0.033769 0.663053 0.315495 0.678840 0.301337
0.610881 0.300719 -0.732388 -0.054010 -0.433725 0.901008 0.008187 -0.034243 0.662350 0.312654 0.680838 0.301739
0.612810 0.301686 -0.730376 -0.054184 -0.431760 0.901930 0.010286 -0.034766 0.661852 0.309044 0.682967 0.301851
0.614518 0.302895 -0.728438 -0.054304 -0.430125 0.902683 0.012491 -0.035269 0.661332 0.305643 0.684998 0.302104
0.616702 0.303882 -0.726178 -0.054367 -0.428497 0.903432 0.014159 -0.035677 0.660355 0.302433 0.687361 0.302347
0.618773 0.305071 -0.723914 -0.054396 -0.426186 0.904478 0.016878 -0.036153 0.659913 0.298079 0.689684 0.302963
0.620680 0.306130 -0.721831 -0.054364 -0.423807 0.905540 0.019623 -0.036632 0.659654 0.293737 0.691791 0.303351
0.623047 0.307286 -0.719297 -0.054312 -0.421906 0.906379 0.021757 -0.037073 0.658641 0.289919 0.694362 0.303919
0.625399 0.308669 -0.716659 -0.054310 -0.419496 0.907420 0.024754 -0.037597 0.657951 0.285154 0.696984 0.304559
0.627697 0.309932 -0.714100 -0.054242 -0.417295 0.908357 0.027439 -0.038032 0.657162 0.280767 0.699506 0.305218
0.630061 0.311067 -0.711520 -0.054124 -0.415172 0.909252 0.029873 -0.038489 0.656244 0.276581 0.702031 0.306014
0.632674 0.312501 -0.708566 -0.053914 -0.412929 0.910175 0.032716 -0.038905 0.655143 0.271889 0.704886 0.306922
0.635345 0.313717 -0.705633 -0.053574 -0.410382 0.911218 0.035615 -0.039243 0.654159 0.266951 0.707682 0.308249
0.638132 0.315018 -0.702531 -0.053467 -0.407667 0.912306 0.038785 -0.039599 0.653142 0.261649 0.710595 0.309574
0.641317 0.316661 -0.698884 -0.053472 -0.404776 0.913431 0.042437 -0.040040 0.651820 0.255676 0.713975 0.311312
0.644536 0.317877 -0.695361 -0.053576 -0.401783 0.914595 0.045682 -0.040545 0.650495 0.249941 0.717207 0.312611
0.647776 0.319452 -0.691619 -0.053980 -0.399477 0.915449 0.048682 -0.041104 0.648694 0.244751 0.720620 0.313456
0.650600 0.320549 -0.688454 -0.054325 -0.396239 0.916654 0.052349 -0.041811 0.647854 0.238734 0.723389 0.314208
0.653640 0.321678 -0.685039 -0.054803 -0.393237 0.917746 0.055740 -0.042651 0.646622 0.232949 0.726371 0.314797
0.656676 0.322908 -0.681547 -0.055448 -0.390537 0.918696 0.058981 -0.043490 0.645180 0.227438 0.729394 0.315503
0.659921 0.323934 -0.677917 -0.056133 -0.387647 0.919713 0.062116 -0.044313 0.643610 0.221800 0.732510 0.316531
0.662972 0.325024 -0.674409 -0.056993 -0.384654 0.920727 0.065603 -0.045340 0.642269 0.215921 0.735437 0.317449
0.666049 0.326127 -0.670836 -0.057860 -0.381745 0.921684 0.069056 -0.046366 0.640820 0.210094 0.738384 0.318558
0.669574 0.327160 -0.666811 -0.058649 -0.378268 0.922819 0.072931 -0.047488 0.639205 0.203401 0.741650 0.320161
0.672578 0.327871 -0.663430 -0.059265 -0.375447 0.923732 0.075891 -0.048545 0.637713 0.198040 0.744380 0.321095
0.675798 0.328736 -0.659719 -0.059844 -0.371932 0.924820 0.079838 -0.049683 0.636367 0.191417 0.747259 0.322150
0.679239 0.329661 -0.655712 -0.060532 -0.369397 0.925585 0.082689 -0.050610 0.634177 0.186053 0.750469 0.322958
0.682313 0.330085 -0.652298 -0.061269 -0.365705 0.926710 0.086414 -0.051587 0.633015 0.179588 0.753021 0.323711
0.685723 0.330820 -0.648337 -0.062145 -0.362217 0.927712 0.090270 -0.052529 0.631334 0.172938 0.755983 0.324372
0.689482 0.331851 -0.643808 -0.063139 -0.358898 0.928602 0.094289 -0.053440 0.629132 0.166050 0.759355 0.325052
0.692989 0.332324 -0.639787 -0.064137 -0.355142 0.929639 0.098208 -0.054420 0.627408 0.159158 0.762252 0.325852
0.695889 0.332665 -0.636453 -0.065054 -0.351873 0.930514 0.101633 -0.055304 0.626038 0.153225 0.764590 0.326525
0.699558 0.333259 -0.632105 -0.066089 -0.348005 0.931486 0.105956 -0.056057 0.624108 0.145854 0.767604 0.327469
0.702693 0.333588 -0.628443 -0.067154 -0.344440 0.932367 0.109780 -0.056734 0.622561 0.139319 0.770070 0.328192
0.706048 0.333800 -0.624559 -0.068260 -0.340757 0.933266 0.113574 -0.057310 0.620790 0.132634 0.772675 0.329118
0.709505 0.334137 -0.620447 -0.069390 -0.336890 0.934142 0.117829 -0.057811 0.618957 0.125423 0.775346 0.329735
0.713022 0.334155 -0.616393 -0.070522 -0.333254 0.934992 0.121375 -0.058291 0.616880 0.118873 0.778028 0.330213
0.715893 0.334141 -0.613063 -0.071443 -0.329612 0.935787 0.125138 -0.058763 0.615510 0.112487 0.780060 0.330845
0.719003 0.333966 -0.609509 -0.071926 -0.325875 0.936602 0.128773 -0.059048 0.613873 0.106035 0.782251 0.331375
0.722134 0.333796 -0.605890 -0.072298 -0.321929 0.937412 0.132745 -0.059382 0.612278 0.099194 0.784396 0.331818
0.725003 0.333496 -0.602621 -0.072581 -0.317859 0.938216 0.136807 -0.059808 0.611013 0.092363 0.786214 0.332129
0.728188 0.333408 -0.598817 -0.072849 -0.313684 0.938950 0.141333 -0.060413 0.609381 0.084922 0.788317 0.332296
0.731394 0.333050 -0.595097 -0.073121 -0.309661 0.939678 0.145313 -0.061284 0.607596 0.077998 0.790407 0.332482
0.734519 0.332529 -0.591529 -0.073444 -0.305338 0.940432 0.149518 -0.062402 0.606012 0.070793 0.792299 0.332680
0.737397 0.331873 -0.588308 -0.073744 -0.301244 0.941140 0.153325 -0.063675 0.604564 0.064162 0.793968 0.333098
0.740572 0.331493 -0.584522 -0.074133 -0.297156 0.941735 0.157586 -0.065026 0.602703 0.056990 0.795928 0.333616
0.743801 0.330703 -0.580858 -0.074618 -0.292933 0.942406 0.161438 -0.066575 0.600792 0.050075 0.797836 0.334106
0.746750 0.329996 -0.577466 -0.075264 -0.288635 0.943003 0.165636 -0.068227 0.599211 0.042988 0.799436 0.334683
0.749884 0.329188 -0.573855 -0.075991 -0.284379 0.943579 0.169666 -0.070016 0.597330 0.035963 0.801189 0.335391
0.752597 0.328281 -0.570814 -0.076707 -0.280273 0.944121 0.173444 -0.071779 0.595856 0.029451 0.802551 0.335993
0.755273 0.327079 -0.567963 -0.077384 -0.275882 0.944720 0.177180 -0.073682 0.594518 0.022871 0.803757 0.336822
0.758444 0.326032 -0.564327 -0.078081 -0.271652 0.945223 0.180994 -0.075645 0.592425 0.016027 0.805466 0.337711
0.760778 0.324640 -0.561985 -0.078697 -0.267314 0.945786 0.184477 -0.077486 0.591406 0.009880 0.806314 0.338745
0.763296 0.323122 -0.559438 -0.079133 -0.263228 0.946348 0.187447 -0.079257 0.589992 0.004182 0.807399 0.339661
0.766124 0.321737 -0.556362 -0.079512 -0.258864 0.946826 0.191076 -0.080989 0.588255 -0.002366 0.808672 0.340710
0.768308 0.319971 -0.554365 -0.079635 -0.254520 0.947393 0.194076 -0.082630 0.587301 -0.008013 0.809329 0.341724
0.770737 0.318132 -0.552047 -0.079539 -0.250305 0.947950 0.196820 -0.084115 0.585928 -0.013516 0.810250 0.342793
0.773330 0.316330 -0.549450 -0.079328 -0.245900 0.948448 0.199947 -0.085508 0.584375 -0.019516 0.811249 0.343596
0.775829 0.314296 -0.547091 -0.079023 -0.241249 0.948981 0.203061 -0.086730 0.583000 -0.025556 0.812070 0.344276
0.777950 0.312265 -0.545238 -0.078574 -0.236834 0.949488 0.205868 -0.087878 0.581983 -0.031024 0.812609 0.344500
0.780206 0.310131 -0.543228 -0.077906 -0.232065 0.949972 0.209042 -0.089003 0.580882 -0.037032 0.813145 0.344670
0.782619 0.307880 -0.541034 -0.077016 -0.227697 0.950483 0.211510 -0.089881 0.579364 -0.042340 0.813969 0.344876
0.785077 0.305752 -0.538674 -0.076404 -0.223080 0.950885 0.214600 -0.090790 0.577831 -0.048310 0.814725 0.345266
0.787726 0.303364 -0.536151 -0.075947 -0.218187 0.951314 0.217706 -0.091766 0.576092 -0.054511 0.815565 0.345876
0.789775 0.300843 -0.534554 -0.075680 -0.213413 0.951788 0.220352 -0.092791 0.575074 -0.059948 0.815902 0.346942
0.792161 0.298227 -0.532486 -0.075340 -0.209206 0.952309 0.222128 -0.093629 0.573336 -0.064562 0.816773 0.348519
0.794194 0.295566 -0.530940 -0.074806 -0.204154 0.952733 0.224992 -0.094369 0.572344 -0.070293 0.816995 0.350103
0.796395 0.292901 -0.529116 -0.074379 -0.199478 0.953154 0.227391 -0.095107 0.570932 -0.075546 0.817514 0.351788
0.798543 0.289943 -0.527505 -0.073829 -0.195208 0.953723 0.228705 -0.095626 0.569405 -0.079658 0.818188 0.353777
0.800427 0.286934 -0.526295 -0.073085 -0.190293 0.954207 0.230819 -0.096034 0.568424 -0.084604 0.818374 0.355720
0.802340 0.283790 -0.525084 -0.072143 -0.185396 0.954714 0.232700 -0.096412 0.567343 -0.089356 0.818619 0.357599
0.804108 0.280520 -0.524136 -0.071150 -0.180102 0.955185 0.234914 -0.096866 0.566545 -0.094499 0.818594 0.359257
0.806199 0.277396 -0.522585 -0.070190 -0.175264 0.955603 0.236867 -0.097200 0.565089 -0.099372 0.819023 0.360631
0.807913 0.273970 -0.521744 -0.069330 -0.169933 0.956061 0.238894 -0.097655 0.564269 -0.104344 0.818971 0.361427
0.809452 0.270548 -0.521144 -0.068679 -0.164692 0.956510 0.240761 -0.098199 0.563616 -0.109057 0.818806 0.361933
0.811409 0.267035 -0.519911 -0.068033 -0.159696 0.956972 0.242284 -0.098731 0.562239 -0.113563 0.819141 0.362656
0.812969 0.263473 -0.519291 -0.067529 -0.154223 0.957359 0.244294 -0.099451 0.561513 -0.118517 0.818937 0.363438
0.814796 0.259790 -0.518282 -0.066970 -0.149639 0.957928 0.244914 -0.100247 0.560103 -0.122000 0.819390 0.364556
0.816511 0.256082 -0.517427 -0.066504 -0.144530 0.958372 0.246241 -0.101017 0.558946 -0.126275 0.819533 0.365896
0.818068 0.252344 -0.516806 -0.066160 -0.139580 0.958849 0.247238 -0.101966 0.557927 -0.130122 0.819625 0.367134
0.819839 0.248441 -0.515889 -0.065865 -0.134695 0.959362 0.247954 -0.102808 0.556526 -0.133795 0.819986 0.368549
0.821336 0.244456 -0.515411 -0.065493 -0.129581 0.959858 0.248761 -0.103692 0.555532 -0.137530 0.820043 0.369627
0.823140 0.240513 -0.514387 -0.065223 -0.124807 0.960347 0.249311 -0.104636 0.553953 -0.141019 0.820518 0.370839
0.824750 0.236647 -0.513601 -0.065050 -0.120177 0.960829 0.249730 -0.105424 0.552580 -0.144242 0.820883 0.372077
0.826270 0.232399 -0.513097 -0.064709 -0.115090 0.961357 0.250094 -0.106238 0.551391 -0.147593 0.821087 0.373192
0.827838 0.228230 -0.512440 -0.064399 -0.110440 0.961925 0.250007 -0.107172 0.549988 -0.150371 0.821524 0.374558
0.829388 0.224065 -0.511772 -0.063945 -0.105612 0.962414 0.250209 -0.108131 0.548599 -0.153471 0.821879 0.375928
0.830889 0.219878 -0.511153 -0.063385 -0.100728 0.962874 0.250456 -0.109015 0.547246 -0.156614 0.822188 0.377335
0.832421 0.215671 -0.510452 -0.062818 -0.096102 0.963382 0.250320 -0.109748 0.545746 -0.159316 0.822666 0.378746
0.834012 0.211311 -0.509679 -0.062167 -0.091373 0.963896 0.250110 -0.110417 0.544128 -0.162024 0.823209 0.380011
0.835503 0.207012 -0.509000 -0.061647 -0.086933 0.964452 0.249549 -0.111000 0.542566 -0.164250 0.823798 0.381036
0.836826 0.202582 -0.508608 -0.061091 -0.081943 0.964900 0.249504 -0.111576 0.541301 -0.167115 0.824054 0.381701
0.838409 0.198254 -0.507707 -0.060607 -0.077671 0.965452 0.248735 -0.112205 0.539480 -0.169107 0.824842 0.382217
0.839724 0.193818 -0.507246 -0.060028 -0.073250 0.966024 0.247854 -0.112680 0.538051 -0.170973 0.825390 0.382890
0.841122 0.189460 -0.506575 -0.059460 -0.068772 0.966500 0.247283 -0.113116 0.536455 -0.173157 0.825974 0.383613
0.842798 0.185011 -0.505434 -0.058950 -0.064317 0.966955 0.246702 -0.113524 0.534374 -0.175412 0.826846 0.384350
0.844501 0.180357 -0.504272 -0.058559 -0.059883 0.967484 0.245742 -0.113997 0.532196 -0.177332 0.827841 0.385000
0.845963 0.175720 -0.503458 -0.058013 -0.055806 0.968134 0.244134 -0.114281 0.530314 -0.178432 0.828812 0.385506
0.847543 0.171297 -0.502323 -0.057548 -0.051704 0.968629 0.243074 -0.114581 0.528202 -0.180044 0.829811 0.385700
0.849267 0.166727 -0.500946 -0.057192 -0.047511 0.969113 0.241998 -0.114649 0.525821 -0.181720 0.830957 0.385943
0.851067 0.162254 -0.499358 -0.057024 -0.043716 0.969650 0.240557 -0.114575 0.523234 -0.182900 0.832330 0.386048
0.852520 0.157854 -0.498289 -0.056823 -0.040039 0.970229 0.238859 -0.114375 0.521159 -0.183681 0.833460 0.386217
0.854401 0.153404 -0.496454 -0.056721 -0.035999 0.970607 0.237964 -0.113909 0.518366 -0.185445 0.834810 0.386392
0.856052 0.148843 -0.494997 -0.056747 -0.032343 0.971191 0.236098 -0.113429 0.515878 -0.186103 0.836203 0.386545
0.857815 0.144552 -0.493212 -0.056711 -0.029048 0.971735 0.234279 -0.112680 0.513137 -0.186641 0.837768 0.386839
0.859562 0.140179 -0.491429 -0.056769 -0.025605 0.972249 0.232544 -0.111891 0.510389 -0.187303 0.839297 0.387056
0.861197 0.135796 -0.489794 -0.056861 -0.022040 0.972719 0.230935 -0.111144 0.507793 -0.188086 0.840696 0.387245
0.862919 0.131587 -0.487910 -0.056968 -0.018980 0.973261 0.228917 -0.110247 0.504986 -0.188276 0.842343 0.387296
0.864627 0.127319 -0.486014 -0.056959 -0.016112 0.973887 0.226461 -0.109205 0.502156 -0.187974 0.844100 0.387320
0.866243 0.123216 -0.484190 -0.056949 -0.012919 0.974313 0.224828 -0.107974 0.499455 -0.188500 0.845584 0.387086
0.868100 0.119300 -0.481841 -0.057067 -0.010056 0.974717 0.223216 -0.106874 0.496288 -0.188928 0.847351 0.386654
0.869647 0.115360 -0.480006 -0.057205 -0.007217 0.975181 0.221291 -0.105743 0.493621 -0.188981 0.848896 0.386519
0.871359 0.111384 -0.477836 -0.057296 -0.004417 0.975633 0.219367 -0.104676 0.490626 -0.189037 0.850618 0.386554
0.873283 0.107442 -0.475219 -0.057359 -0.001889 0.976121 0.217220 -0.103656 0.487209 -0.188797 0.852633 0.386567
0.874791 0.103712 -0.473269 -0.057430 0.000509 0.976623 0.214957 -0.102685 0.484500 -0.188284 0.854289 0.386339
0.876798 0.100040 -0.470337 -0.057573 0.002646 0.977101 0.212760 -0.101702 0.480851 -0.187792 0.856456 0.386065
0.878731 0.096543 -0.467452 -0.057749 0.004549 0.977593 0.210453 -0.100662 0.477296 -0.187058 0.858602 0.385724
0.880537 0.093005 -0.464763 -0.057955 0.006691 0.978023 0.208391 -0.099626 0.473930 -0.186606 0.860563 0.385262
0.882367 0.089464 -0.461980 -0.058230 0.008732 0.978479 0.206163 -0.098642 0.470482 -0.185945 0.862596 0.384596
0.884465 0.086085 -0.458597 -0.058633 0.010325 0.978982 0.203683 -0.097786 0.466493 -0.184886 0.864987 0.383723
0.886203 0.082744 -0.455848 -0.059041 0.012481 0.979302 0.202022 -0.097009 0.463129 -0.184722 0.866827 0.382900
0.888177 0.079496 -0.452572 -0.059532 0.013974 0.979793 0.199527 -0.096197 0.459289 -0.183539 0.869119 0.382129
0.890097 0.076427 -0.449318 -0.060133 0.015627 0.980143 0.197676 -0.095480 0.455503 -0.182973 0.871228 0.381164
0.891969 0.073477 -0.446086 -0.061024 0.016882 0.980603 0.195276 -0.094869 0.451782 -0.181711 0.873427 0.380253
0.893828 0.070384 -0.442852 -0.062058 0.018291 0.981060 0.192840 -0.094300 0.448037 -0.180466 0.875611 0.379491
0.895879 0.067553 -0.439133 -0.063285 0.019592 0.981405 0.190943 -0.093948 0.443867 -0.179666 0.877897 0.378955
0.897725 0.064705 -0.435779 -0.064653 0.020700 0.981868 0.188431 -0.093672 0.440070 -0.178180 0.880108 0.378787
0.899405 0.062084 -0.432685 -0.066074 0.021762 0.982275 0.186178 -0.093351 0.436575 -0.176866 0.882112 0.378818
0.901052 0.059495 -0.429611 -0.067475 0.022579 0.982769 0.183455 -0.092962 0.433122 -0.175003 0.884183 0.379165
0.902897 0.056968 -0.426065 -0.068983 0.023238 0.983261 0.180713 -0.092479 0.429228 -0.173066 0.886460 0.379559
0.904612 0.054552 -0.422731 -0.070385 0.024105 0.983641 0.178519 -0.091896 0.425554 -0.171680 0.888499 0.380262
0.906125 0.052291 -0.419766 -0.071864 0.025193 0.983898 0.176948 -0.091321 0.422260 -0.170912 0.890217 0.381111
0.907448 0.049922 -0.417188 -0.073201 0.025786 0.984428 0.173888 -0.090768 0.419373 -0.168552 0.892030 0.381752
0.908684 0.047559 -0.414766 -0.074104 0.026427 0.984945 0.170834 -0.090129 0.416646 -0.166195 0.893748 0.382318
0.910290 0.045443 -0.411469 -0.075002 0.026975 0.985333 0.168496 -0.089395 0.413091 -0.164480 0.895713 0.382672
0.911488 0.043291 -0.409042 -0.075615 0.027554 0.985786 0.165729 -0.088684 0.410402 -0.162330 0.897340 0.382476
0.912993 0.041253 -0.405883 -0.076175 0.027903 0.986231 0.163002 -0.087851 0.407019 -0.160145 0.899271 0.382235
0.914225 0.039219 -0.403305 -0.076684 0.028344 0.986677 0.160201 -0.086871 0.404215 -0.157891 0.900933 0.381907
0.915493 0.037373 -0.400594 -0.076991 0.028727 0.987063 0.157738 -0.085939 0.401307 -0.155915 0.902576 0.381311
0.916847 0.035505 -0.397657 -0.077397 0.029406 0.987327 0.155952 -0.085250 0.398154 -0.154678 0.904184 0.380557
0.917827 0.033739 -0.395545 -0.077954 0.030070 0.987611 0.154014 -0.084820 0.395841 -0.153252 0.905441 0.379440
0.919085 0.032216 -0.392740 -0.078462 0.030194 0.987965 0.151703 -0.084566 0.392900 -0.151286 0.907051 0.377931
0.920074 0.030691 -0.390539 -0.079270 0.030693 0.988214 0.149970 -0.084451 0.390539 -0.149970 0.908289 0.376772
0.921271 0.029161 -0.387826 -0.080186 0.031389 0.988357 0.148879 -0.084444 0.387652 -0.149332 0.909629 0.375827
0.922295 0.027434 -0.385511 -0.081141 0.031491 0.988827 0.145707 -0.084412 0.385201 -0.146525 0.911126 0.375107
0.923287 0.026158 -0.383218 -0.082428 0.031816 0.989042 0.144165 -0.084435 0.382790 -0.145298 0.912338 0.374855
0.924304 0.024786 -0.380851 -0.083964 0.032331 0.989217 0.142843 -0.084614 0.380285 -0.144344 0.913536 0.374768
0.924683 0.023360 -0.380021 -0.085547 0.032518 0.989624 0.139956 -0.084719 0.379347 -0.141772 0.914328 0.374540
0.925470 0.022264 -0.378167 -0.087081 0.032772 0.989823 0.138475 -0.084737 0.377402 -0.140548 0.915322 0.374724
0.925790 0.020991 -0.377454 -0.088546 0.033212 0.990080 0.136521 -0.084620 0.376576 -0.138926 0.915910 0.375084
0.926125 0.019666 -0.376705 -0.089652 0.033577 0.990378 0.134251 -0.084519 0.375720 -0.136982 0.916553 0.375701
0.926475 0.018311 -0.375911 -0.090895 0.034042 0.990644 0.132155 -0.084397 0.374814 -0.135235 0.917184 0.376855
0.926244 0.017046 -0.376540 -0.091938 0.035021 0.990764 0.131000 -0.084397 0.375295 -0.134525 0.917091 0.377654
0.926407 0.015594 -0.376201 -0.092858 0.035639 0.991025 0.128841 -0.084520 0.374834 -0.132766 0.917536 0.378401
0.926169 0.014507 -0.376831 -0.093732 0.036238 0.991212 0.127226 -0.084611 0.375364 -0.131488 0.917503 0.379023
0.925889 0.012986 -0.377573 -0.094240 0.036797 0.991557 0.124337 -0.084718 0.376000 -0.129016 0.917594 0.379682
0.926019 0.011520 -0.377301 -0.094782 0.037699 0.991714 0.122806 -0.084707 0.375590 -0.127945 0.917912 0.380657
0.925432 0.010233 -0.378775 -0.095155 0.038673 0.991864 0.121285 -0.084641 0.376935 -0.126889 0.917507 0.381321
0.925208 0.008894 -0.379357 -0.095329 0.039596 0.992005 0.119827 -0.084632 0.377390 -0.125886 0.917458 0.381947
0.924447 0.007231 -0.381242 -0.095334 0.040899 0.992172 0.117992 -0.084745 0.379110 -0.124670 0.916915 0.382224
0.923800 0.005875 -0.382829 -0.095293 0.042201 0.992228 0.117062 -0.085015 0.380542 -0.124297 0.916372 0.382170
0.923125 0.004395 -0.384475 -0.095098 0.043585 0.992294 0.115990 -0.085441 0.382022 -0.123831 0.915819 0.381949
0.922242 0.002881 -0.386602 -0.094817 0.044582 0.992509 0.113746 -0.085785 0.384034 -0.122136 0.915205 0.381874
0.921273 0.001206 -0.388915 -0.094277 0.046123 0.992600 0.112334 -0.086076 0.386172 -0.121428 0.914400 0.381884
0.919660 -0.000324 -0.392716 -0.093338 0.047652 0.992703 0.110772 -0.086705 0.389814 -0.120587 0.912964 0.381840
0.918229 -0.001818 -0.396045 -0.091999 0.049324 0.992729 0.109800 -0.087642 0.392965 -0.120356 0.911643 0.381962
0.916546 -0.003431 -0.399914 -0.090166 0.050853 0.992846 0.108031 -0.088770 0.396683 -0.119352 0.910164 0.382115
0.915027 -0.004997 -0.403361 -0.087970 0.052599 0.992864 0.107021 -0.090045 0.399948 -0.119144 0.908761 0.382588
0.913233 -0.006886 -0.407379 -0.085519 0.054714 0.992873 0.105872 -0.091541 0.403747 -0.118976 0.907101 0.383667
0.911667 -0.008574 -0.410840 -0.082853 0.056581 0.992879 0.104834 -0.093411 0.407016 -0.118819 0.905660 0.385001
0.909654 -0.010113 -0.415244 -0.080044 0.058475 0.992865 0.103919 -0.095409 0.411231 -0.118811 0.903755 0.386465
0.907789 -0.011966 -0.419256 -0.077274 0.060655 0.992831 0.102996 -0.097419 0.415018 -0.118928 0.902007 0.388091
0.906382 -0.013775 -0.422235 -0.074880 0.062533 0.992833 0.101845 -0.099272 0.417806 -0.118714 0.900747 0.389994
0.904104 -0.015561 -0.427030 -0.072449 0.064500 0.992856 0.100379 -0.100895 0.422417 -0.118296 0.898649 0.391444
0.901894 -0.017343 -0.431610 -0.069992 0.066745 0.992789 0.099579 -0.102465 0.426770 -0.118617 0.896547 0.392886
0.899636 -0.019236 -0.436216 -0.067385 0.069081 0.992717 0.098693 -0.104044 0.431141 -0.118922 0.894413 0.394428
0.897472 -0.020904 -0.440576 -0.064834 0.071214 0.992638 0.097969 -0.105545 0.435285 -0.119299 0.892354 0.396078
0.894992 -0.022745 -0.445501 -0.062194 0.073600 0.992541 0.097184 -0.107061 0.439968 -0.119768 0.889991 0.397611
0.892367 -0.024418 -0.450649 -0.059673 0.075866 0.992442 0.096452 -0.108725 0.444888 -0.120260 0.887475 0.398997
0.889566 -0.026216 -0.456053 -0.057234 0.078194 0.992356 0.095479 -0.110293 0.450064 -0.120595 0.884816 0.400349
0.887002 -0.027989 -0.460917 -0.054720 0.080551 0.992236 0.094760 -0.111782 0.454686 -0.121180 0.882370 0.401599
0.884312 -0.029772 -0.465947 -0.052386 0.082937 0.992110 0.094012 -0.113138 0.459472 -0.121780 0.879804 0.402792
0.881387 -0.031537 -0.471341 -0.050240 0.085288 0.991996 0.093111 -0.114374 0.464632 -0.122266 0.877022 0.403821
0.878610 -0.033217 -0.476384 -0.048251 0.087678 0.991840 0.092548 -0.115397 0.469422 -0.123082 0.874353 0.404640
0.875669 -0.034997 -0.481642 -0.046514 0.089932 0.991741 0.091444 -0.116168 0.474464 -0.123389 0.871584 0.405274
0.872244 -0.036589 -0.487700 -0.044921 0.092539 0.991531 0.091115 -0.116872 0.480236 -0.124606 0.868244 0.405661
0.869063 -0.038099 -0.493233 -0.043421 0.094943 0.991341 0.090712 -0.117548 0.485506 -0.125663 0.865155 0.406472
0.865451 -0.039752 -0.499414 -0.042143 0.097306 0.991202 0.089728 -0.118230 0.491453 -0.126251 0.861705 0.407337
0.861844 -0.041354 -0.505484 -0.040901 0.099810 0.991009 0.089100 -0.118685 0.497255 -0.127243 0.858223 0.408069
0.858689 -0.042835 -0.510703 -0.040186 0.102154 0.990810 0.088655 -0.119089 0.502212 -0.128298 0.855174 0.408772
0.854700 -0.044417 -0.517219 -0.039891 0.104797 0.990583 0.088109 -0.119445 0.508435 -0.129509 0.851306 0.409852
0.850872 -0.045745 -0.523378 -0.039469 0.107119 0.990381 0.087585 -0.119632 0.514337 -0.130588 0.847587 0.410849
0.846757 -0.047107 -0.529890 -0.038955 0.109679 0.990131 0.087242 -0.119840 0.520550 -0.131991 0.843567 0.411977
0.842568 -0.048419 -0.536410 -0.038280 0.111957 0.989941 0.086501 -0.120001 0.526826 -0.132938 0.839513 0.413136
0.838433 -0.049698 -0.542735 -0.037700 0.114273 0.989728 0.085903 -0.120144 0.532891 -0.134044 0.835500 0.414713
0.834303 -0.051072 -0.548935 -0.037173 0.116535 0.989538 0.085053 -0.120143 0.538849 -0.134930 0.831526 0.416481
0.829912 -0.052345 -0.555433 -0.036457 0.118485 0.989414 0.083793 -0.119813 0.545167 -0.135351 0.827329 0.418208
0.825774 -0.053669 -0.561441 -0.035801 0.120995 0.989143 0.083408 -0.119407 0.550869 -0.136807 0.823302 0.419932
0.821351 -0.054833 -0.567782 -0.035100 0.123118 0.988949 0.082595 -0.118767 0.556978 -0.137744 0.819025 0.421237
0.817012 -0.055939 -0.573901 -0.034527 0.125586 0.988653 0.082419 -0.118299 0.562778 -0.139411 0.814767 0.422284
0.812215 -0.056836 -0.580582 -0.034216 0.127888 0.988380 0.082154 -0.118065 0.569167 -0.140976 0.810046 0.423084
0.807940 -0.058024 -0.586401 -0.033875 0.129881 0.988202 0.081168 -0.117722 0.574773 -0.141741 0.805944 0.423749
0.803132 -0.058942 -0.592879 -0.033689 0.132039 0.987959 0.080644 -0.117220 0.580986 -0.143051 0.801244 0.424068
0.798823 -0.059812 -0.598586 -0.033524 0.133983 0.987741 0.080105 -0.116735 0.586456 -0.144190 0.797043 0.424281
0.794360 -0.060657 -0.604411 -0.033402 0.135892 0.987529 0.079494 -0.116176 0.592052 -0.145281 0.792696 0.424341
0.789775 -0.061334 -0.610323 -0.033273 0.137764 0.987305 0.079052 -0.115702 0.597726 -0.146514 0.788199 0.424103
0.785293 -0.062142 -0.615998 -0.033194 0.139515 0.987121 0.078277 -0.115288 0.603200 -0.147411 0.783849 0.423712
0.780896 -0.062891 -0.621488 -0.033142 0.141060 0.986974 0.077365 -0.114702 0.608526 -0.148081 0.779595 0.423257
